[gd_scene load_steps=13 format=3 uid="uid://drta2q1wjv5t8"]

[ext_resource type="PackedScene" uid="uid://bey6khmknn3i3" path="res://assets/models/cranes/pillar_32.tscn" id="1_tvx8i"]
[ext_resource type="PackedScene" uid="uid://bleeu4wslro6k" path="res://assets/models/cranes/basement_metal.tscn" id="3_8myco"]
[ext_resource type="PackedScene" uid="uid://1n6p2v7bvlav" path="res://assets/models/props/conteiner_blue.tscn" id="4_mbwpx"]
[ext_resource type="PackedScene" uid="uid://uovbhf71d8xg" path="res://assets/models/props/conteiner_red.tscn" id="5_lt4ah"]
[ext_resource type="PackedScene" uid="uid://easbg5stgfi" path="res://assets/models/terrain/terrain2.tscn" id="6_lt4ah"]
[ext_resource type="PackedScene" uid="uid://cmfgb32bagf6l" path="res://assets/models/cranes/pillar_16.tscn" id="7_4h858"]
[ext_resource type="PackedScene" uid="uid://r1pq1gwlei4h" path="res://assets/models/terrain/lake.tscn" id="7_r107u"]
[ext_resource type="PackedScene" uid="uid://carosy2hjhjtc" path="res://assets/models/cranes/pillar_destroyed.tscn" id="7_tev22"]
[ext_resource type="PackedScene" uid="uid://b325x3rtukbb8" path="res://assets/models/cranes/arrow_destroyed_down.tscn" id="8_nescs"]
[ext_resource type="PackedScene" uid="uid://dbe8563qqssgh" path="res://assets/models/cranes/arrow_destroyed_up.tscn" id="8_tev22"]
[ext_resource type="PackedScene" uid="uid://c2oojhhhem8m6" path="res://assets/models/cranes/pillar_48.tscn" id="9_486vg"]
[ext_resource type="PackedScene" uid="uid://bavlvxs8aa0gd" path="res://assets/models/cranes/arrow.tscn" id="10_4h858"]

[node name="Coliseum" type="Node3D"]
transform = Transform3D(-4.37114e-08, 0, -1, 0, 1, 0, 1, 0, -4.37114e-08, 0, 0, 0)

[node name="CSGCombiner3D" type="CSGCombiner3D" parent="."]
use_collision = true
collision_layer = 7
collision_mask = 7

[node name="cranes" type="CSGCombiner3D" parent="CSGCombiner3D"]
transform = Transform3D(0.965021, 0, -0.262172, 0, 1, 0, 0.262172, 0, 0.965021, -18.2108, 23.5171, 0.0805119)

[node name="pillar_32" parent="CSGCombiner3D/cranes" instance=ExtResource("1_tvx8i")]
transform = Transform3D(1, 0, 0, 0, 1, 0, 0, 0, 1, 20, 12, -20)

[node name="CSGBox3D" type="CSGBox3D" parent="CSGCombiner3D/cranes"]
transform = Transform3D(1, 0, 0, 0, 1, 0, 0, 0, 1, 0, -6.29688, 0)
size = Vector3(50, 36.5938, 50)

[node name="basement_metal" parent="CSGCombiner3D/cranes" instance=ExtResource("3_8myco")]
transform = Transform3D(1, 0, 0, 0, 1, 0, 0, 0, 1, 0, 8.55561, 0)
collision_layer = 7
collision_mask = 7

[node name="conteiners" type="Node3D" parent="CSGCombiner3D/cranes"]

[node name="conteiner16" parent="CSGCombiner3D/cranes/conteiners" instance=ExtResource("4_mbwpx")]
transform = Transform3D(0.547884, 0, -0.836555, 0, 1, 0, 0.836555, 0, 0.547884, 4.28164, 12.0544, 20.992)

[node name="conteiner24" parent="CSGCombiner3D/cranes/conteiners" instance=ExtResource("4_mbwpx")]
transform = Transform3D(0.135449, -0.129055, -0.982346, 0.746819, 0.664846, 0.0156299, 0.651091, -0.735748, 0.186433, -21.7689, 14.8613, 8.59264)

[node name="conteiner30" parent="CSGCombiner3D/cranes/conteiners" instance=ExtResource("4_mbwpx")]
transform = Transform3D(-0.426397, 0, -0.904539, 0, 1, 0, 0.904539, 0, -0.426397, -2.11545, 16.0399, -16.0206)

[node name="conteiner33" parent="CSGCombiner3D/cranes/conteiners" instance=ExtResource("4_mbwpx")]
transform = Transform3D(0.204718, 0, -0.978823, 0, 1, 0, 0.978823, 0, 0.204718, -10.1519, 16.0399, -6.09577)

[node name="conteiner26" parent="CSGCombiner3D/cranes/conteiners" instance=ExtResource("4_mbwpx")]
transform = Transform3D(-0.467253, 0, -0.884127, 0, 1, 0, 0.884127, 0, -0.467253, 1.71742, 12.0586, -21.9371)

[node name="conteiner25" parent="CSGCombiner3D/cranes/conteiners" instance=ExtResource("4_mbwpx")]
transform = Transform3D(0.0132126, 0, 0.999916, 0, 1, 0, -0.999916, 0, 0.0132126, -11.7057, 11.9852, -6.1716)

[node name="conteiner20" parent="CSGCombiner3D/cranes/conteiners" instance=ExtResource("4_mbwpx")]
transform = Transform3D(0.0187511, -0.0402153, 0.999018, -0.999802, 0.00598942, 0.0190066, -0.00674953, -0.999175, -0.0400943, 21.7812, 15.8775, 16.4887)

[node name="conteiner17" parent="CSGCombiner3D/cranes/conteiners" instance=ExtResource("5_lt4ah")]
transform = Transform3D(0.349919, 0.801812, -0.484414, -0.927726, 0.368328, -0.0604828, 0.129928, 0.470568, 0.872747, 14.5761, 15.403, 3.77199)

[node name="conteiner18" parent="CSGCombiner3D/cranes/conteiners" instance=ExtResource("5_lt4ah")]
transform = Transform3D(-0.61179, 0, -0.791021, 0, 1, 0, 0.791021, 0, -0.61179, 11.9097, 12.0143, 3.868)

[node name="conteiner19" parent="CSGCombiner3D/cranes/conteiners" instance=ExtResource("5_lt4ah")]
transform = Transform3D(-0.983086, 0, -0.183145, 0, 1, 0, 0.183145, 0, -0.983086, 5.52268, 12.0143, 9.9606)

[node name="conteiner27" parent="CSGCombiner3D/cranes/conteiners" instance=ExtResource("5_lt4ah")]
transform = Transform3D(-0.665452, 0, 0.746442, 0, 1, 0, -0.746442, 0, -0.665452, -22.0025, 12.0143, -2.16196)

[node name="conteiner31" parent="CSGCombiner3D/cranes/conteiners" instance=ExtResource("5_lt4ah")]
transform = Transform3D(-0.822453, 0, 0.568836, 0, 1, 0, -0.568836, 0, -0.822453, -4.54669, 16.1092, -10.0028)

[node name="conteiner32" parent="CSGCombiner3D/cranes/conteiners" instance=ExtResource("5_lt4ah")]
transform = Transform3D(0.816956, 0, 0.576704, 0, 1, 0, -0.576704, 0, 0.816956, -16.4177, 16.1092, -2.89211)

[node name="conteiner28" parent="CSGCombiner3D/cranes/conteiners" instance=ExtResource("5_lt4ah")]
transform = Transform3D(-0.862241, 0, -0.5065, 0, 1, 0, 0.5065, 0, -0.862241, -5.37578, 12.0143, -11.0648)

[node name="conteiner29" parent="CSGCombiner3D/cranes/conteiners" instance=ExtResource("5_lt4ah")]
transform = Transform3D(-0.862241, 0, -0.5065, 0, 1, 0, 0.5065, 0, -0.862241, -5.25117, 12.0143, -6.58505)

[node name="conteiner23" parent="CSGCombiner3D/cranes/conteiners" instance=ExtResource("5_lt4ah")]
transform = Transform3D(-0.954194, 0, -0.299191, 0, 1, 0, 0.299191, 0, -0.954194, -19.7428, 12.0143, 11.8628)

[node name="conteiner22" parent="CSGCombiner3D/cranes/conteiners" instance=ExtResource("5_lt4ah")]
transform = Transform3D(-0.134868, 0, 0.990865, 0, 1, 0, -0.990865, 0, -0.134868, 4.27325, 16.0611, 14.8285)

[node name="conteiner21" parent="CSGCombiner3D/cranes/conteiners" instance=ExtResource("5_lt4ah")]
transform = Transform3D(-0.828159, 0, -0.560495, 0, 1, 0, 0.560495, 0, -0.828159, 7.7277, 16.4211, 7.46273)

[node name="pillar_destroyed" parent="CSGCombiner3D/cranes" instance=ExtResource("7_tev22")]
transform = Transform3D(-0.728513, -0.214051, -0.650732, 0.0259898, 0.940608, -0.3385, 0.684539, -0.263513, -0.679682, -44.4529, 10.8594, -45.705)

[node name="arrow_destroyed_up" parent="CSGCombiner3D/cranes" instance=ExtResource("8_tev22")]
transform = Transform3D(-0.0297468, 0.20749, 0.977786, 0.106358, 0.973321, -0.203307, -0.993883, 0.0979471, -0.0510217, 29.1936, 11.5848, -6.00453)

[node name="arrow_destroyed_down" parent="CSGCombiner3D/cranes" instance=ExtResource("8_nescs")]
transform = Transform3D(0.989563, -0.138082, -0.0412319, -0.118778, -0.943551, 0.309197, -0.0815999, -0.301072, -0.950104, -4.93095, -6.6484, 84.5553)

[node name="pillar_16" parent="CSGCombiner3D/cranes" instance=ExtResource("7_4h858")]
transform = Transform3D(1, 0, 0, 0, 1, 0, 0, 0, 1, 19.57, 12, 20)

[node name="pillar_48" parent="CSGCombiner3D/cranes" instance=ExtResource("9_486vg")]
transform = Transform3D(1, 0, 0, 0, 1, 0, 0, 0, 1, -20, 12, 20)

[node name="pillar_17" parent="CSGCombiner3D/cranes" instance=ExtResource("7_4h858")]
transform = Transform3D(0.949103, -0.314903, 0.006448, 0.300164, 0.8981, -0.321431, 0.0954286, 0.307007, 0.946912, 19.8588, 40.8806, -20.1664)

[node name="boat" type="CSGCombiner3D" parent="CSGCombiner3D"]
transform = Transform3D(0.49426, 0, 0.869314, 0, 1, 0, -0.869314, 0, 0.49426, 23.3963, 1.81557, -130.063)

[node name="conteiner31" type="CSGBox3D" parent="CSGCombiner3D/boat"]
transform = Transform3D(0.813266, -0.16231, 0.558796, 0.133775, 0.98674, 0.091917, -0.566306, 7.45058e-09, 0.824195, 1.78662, 0.590732, -2.0438)
size = Vector3(4, 4, 8)

[node name="conteiner32" type="CSGBox3D" parent="CSGCombiner3D/boat"]
transform = Transform3D(0.795923, -0.570498, -0.202579, 0.241034, -0.00833458, 0.970481, -0.555346, -0.821256, 0.130876, 5.36193, 3.08992, -3.53019)
size = Vector3(4, 4, 8)

[node name="conteiner33" type="CSGBox3D" parent="CSGCombiner3D/boat"]
transform = Transform3D(0.286534, 0.279125, -0.916508, 0.920424, 0.185327, 0.3442, 0.265929, -0.942201, -0.203811, 6.45553, 1.00284, -7.93426)
size = Vector3(4, 4, 8)

[node name="conteiner34" type="CSGBox3D" parent="CSGCombiner3D/boat"]
transform = Transform3D(-0.175336, 0.279125, -0.944111, 0.97454, 0.185327, -0.126196, 0.139745, -0.942201, -0.304513, 20.5015, 1.45255, -12.725)
size = Vector3(4, 4, 8)

[node name="boat_left" type="CSGCombiner3D" parent="CSGCombiner3D/boat"]
transform = Transform3D(0.977825, 0.104702, 0.18137, -0.102946, 0.994504, -0.0190948, -0.182373, -1.86265e-09, 0.983229, -0.0716356, -2.35934, -60.1828)

[node name="CSGCylinder3D" type="CSGCylinder3D" parent="CSGCombiner3D/boat/boat_left"]
transform = Transform3D(1, 0, 0, 0, 1, 0, 0, 0, 1, 0, 7.18008, 0)
radius = 15.0
height = 15.0
sides = 16

[node name="CSGBox3D" type="CSGBox3D" parent="CSGCombiner3D/boat/boat_left"]
transform = Transform3D(1, 0, 0, 0, 1, 0, 0, 0, 1, 0, 7.18008, 20)
size = Vector3(30, 15, 40)

[node name="rubka" type="CSGCombiner3D" parent="CSGCombiner3D/boat/boat_left"]
transform = Transform3D(1, 0, 0, 0, 1, 0, 0, 0, 0.6, 0, 17, 0)

[node name="CSGCylinder3D2" type="CSGCylinder3D" parent="CSGCombiner3D/boat/boat_left/rubka"]
transform = Transform3D(1, 0, 0, 0, 1, 0, 0, 0, 1, 0, 0, -3.33333)
radius = 8.0
height = 6.0
sides = 16

[node name="CSGBox3D2" type="CSGBox3D" parent="CSGCombiner3D/boat/boat_left/rubka"]
transform = Transform3D(1, 0, 0, 0, 1, 0, 0, 0, 1, 0, 0, 3.11497)
size = Vector3(16, 6, 12.8966)

[node name="CSGPolygon3D" type="CSGPolygon3D" parent="CSGCombiner3D/boat/boat_left"]
transform = Transform3D(-6.11959e-08, 0, -5.25, 0, 1, 0, 1.4, 0, -2.29485e-07, 1, 20, 0)
polygon = PackedVector2Array(0, 0, 0, 1, 2, 3, 2.1486, 0.0142555, 1, 0)

[node name="CSGPolygon3D2" type="CSGPolygon3D" parent="CSGCombiner3D/boat/boat_left"]
transform = Transform3D(0.0743927, 0, -5.24258, 0, 1, 0, 1.39802, 0, 0.278973, -6, 20, 0)
polygon = PackedVector2Array(0, 0, 0, 1, 2, 3, 2.1486, 0.0142555, 1, 0)

[node name="CSGPolygon3D3" type="CSGPolygon3D" parent="CSGCombiner3D/boat/boat_left"]
transform = Transform3D(-4.37114e-08, 1, 0, 4.37114e-08, 1.91069e-15, 7.79913, 1, 4.37114e-08, -3.40911e-07, -10.9033, 8.32328, 41.7033)
polygon = PackedVector2Array(-2, -4, -2, 20, 1, 17, 1, -4)

[node name="hole" type="CSGBox3D" parent="CSGCombiner3D/boat/boat_left"]
transform = Transform3D(0.999853, 0.0049438, 0.0164098, -4.65661e-10, 0.957491, -0.288464, -0.0171384, 0.288421, 0.95735, -11.3517, 15.0029, 29.3795)
operation = 2
size = Vector3(6.36328, 6.70125, 24.5401)

[node name="hole7" type="CSGBox3D" parent="CSGCombiner3D/boat/boat_left"]
transform = Transform3D(-4.37114e-08, 0.203778, 0.979017, 0, 0.979017, -0.203778, -1, -8.90744e-09, -4.27942e-08, -2.18034, 9.8587, 41.4195)
operation = 2
size = Vector3(2.78223, 6.70125, 22.9731)

[node name="hole2" type="CSGBox3D" parent="CSGCombiner3D/boat/boat_left"]
transform = Transform3D(0.999853, 0, 0.0171384, 0, 1, 0, -0.0171384, 0, 0.999853, 3.23848, 10.6492, 19.5006)
operation = 2
size = Vector3(20.1922, 6.41771, 37.781)

[node name="hole8" type="CSGBox3D" parent="CSGCombiner3D/boat/boat_left"]
transform = Transform3D(0.999853, 0, 0.0171384, 0, 1, 0, -0.0171384, 0, 0.999853, 0.701305, 10.9686, 36.7237)
operation = 2
size = Vector3(25.8562, 5.01755, 4.74884)

[node name="hole3" type="CSGBox3D" parent="CSGCombiner3D/boat/boat_left"]
transform = Transform3D(0.999853, 0, 0.0171384, 0, 1, 0, -0.0171384, 0, 0.999853, 9.61268, 7.05339, 20.501)
operation = 2
size = Vector3(7.47997, 12.1591, 40)

[node name="hole4" type="CSGBox3D" parent="CSGCombiner3D/boat/boat_left"]
transform = Transform3D(0.800752, 0, 0.598996, 0, 1, 0, -0.598996, 0, 0.800752, 1.57353, 7.05338, 19.3676)
operation = 2
size = Vector3(8.97845, 12.1591, 22.8381)

[node name="hole5" type="CSGBox3D" parent="CSGCombiner3D/boat/boat_left"]
transform = Transform3D(-0.0118506, 0, 0.99993, 0, 1, 0, -0.99993, 0, -0.0118506, -0.999311, 7.05338, 9.30526)
operation = 2
size = Vector3(17.1839, 12.1591, 15.7876)

[node name="hole6" type="CSGBox3D" parent="CSGCombiner3D/boat/boat_left"]
transform = Transform3D(-0.0118506, 0, 0.99993, 0, 1, 0, -0.99993, 0, -0.0118506, -12.506, 4.92623, 5.31173)
operation = 2
size = Vector3(15.9399, 7.90484, 13.1576)

[node name="conteiner" type="CSGBox3D" parent="CSGCombiner3D/boat/boat_left"]
transform = Transform3D(0.710271, 0, -0.703928, 0, 1, 0, 0.703928, 0, 0.710271, -12.101, 16.5675, 8.58731)
size = Vector3(4, 4, 8)

[node name="conteiner14" type="CSGBox3D" parent="CSGCombiner3D/boat/boat_left"]
transform = Transform3D(0.999714, 0, -0.0239087, 0, 1, 0, 0.0239087, 0, 0.999714, -1.58732, 15.8679, 37.4791)
size = Vector3(10.3907, 2.60087, 0.82756)

[node name="conteiner8" type="CSGBox3D" parent="CSGCombiner3D/boat/boat_left"]
transform = Transform3D(-0.123197, 0.274448, 0.953678, -0.527911, 0.795618, -0.297158, -0.840317, -0.540066, 0.0468659, -5.3684, 2.48406, 17.2297)
size = Vector3(4, 4, 8)

[node name="conteiner5" type="CSGBox3D" parent="CSGCombiner3D/boat/boat_left"]
transform = Transform3D(0.919266, 0, -0.393637, 0, 1, 0, 0.393637, 0, 0.919266, 11.861, 16.5675, 2.18899)
size = Vector3(4, 4, 8)

[node name="conteiner2" type="CSGBox3D" parent="CSGCombiner3D/boat/boat_left"]
transform = Transform3D(0.980666, 0, 0.195689, 0, 1, 0, -0.195689, 0, 0.980666, 11.2516, 16.5675, 29.8247)
size = Vector3(4, 4, 8)

[node name="conteiner10" type="CSGBox3D" parent="CSGCombiner3D/boat/boat_left"]
transform = Transform3D(1, 0, 0, 0, 1, 0, 0, 0, 1, 13.8494, 13.8988, 41.3254)
size = Vector3(1.08386, 1.0293, 4.06067)

[node name="conteiner11" type="CSGBox3D" parent="CSGCombiner3D/boat/boat_left"]
transform = Transform3D(1, 0, 0, 0, 1, 0, 0, 0, 1, 6.45997, 13.8988, 41.3254)
size = Vector3(1.08386, 1.0293, 4.06067)

[node name="conteiner12" type="CSGBox3D" parent="CSGCombiner3D/boat/boat_left"]
transform = Transform3D(1, 0, 0, 0, 1, 0, 0, 0, 1, -0.739907, 13.8988, 41.3254)
size = Vector3(1.08386, 1.0293, 4.06067)

[node name="conteiner13" type="CSGBox3D" parent="CSGCombiner3D/boat/boat_left"]
transform = Transform3D(1, 0, 0, 0, 1, 0, 0, 0, 1, -14.3852, 13.8988, 41.3254)
size = Vector3(1.08386, 1.0293, 4.06067)

[node name="conteiner15" type="CSGBox3D" parent="CSGCombiner3D/boat/boat_left"]
transform = Transform3D(1, 0, 0, 0, 1, 0, 0, 0, 1, -14.3852, 5.97844, 43.3469)
size = Vector3(1.08386, 1.0293, 4.06067)

[node name="conteiner6" type="CSGBox3D" parent="CSGCombiner3D/boat/boat_left"]
transform = Transform3D(0.71129, 0, -0.702898, 0, 1, 0, 0.702898, 0, 0.71129, 5.45399, 16.5675, 18.0721)
size = Vector3(4, 4, 8)

[node name="conteiner7" type="CSGBox3D" parent="CSGCombiner3D/boat/boat_left"]
transform = Transform3D(0.963849, 0, 0.266448, 0, 1, 0, -0.266448, 0, 0.963849, 12.0408, 16.5675, 18.8654)
size = Vector3(4, 4, 8)

[node name="conteiner3" type="CSGBox3D" parent="CSGCombiner3D/boat/boat_left"]
transform = Transform3D(0.371562, 0, 0.928408, 0, 1, 0, -0.928408, 0, 0.371562, 4.82826, 16.5675, 25.014)
size = Vector3(4, 4, 8)

[node name="conteiner9" type="CSGBox3D" parent="CSGCombiner3D/boat/boat_left"]
transform = Transform3D(0.851091, 0.321917, 0.414746, -0.0635355, 0.84731, -0.527285, -0.52116, 0.422416, 0.74159, 7.75673, 2.08528, 45.5688)
size = Vector3(4, 0.452148, 8)

[node name="conteiner4" type="CSGBox3D" parent="CSGCombiner3D/boat/boat_left"]
transform = Transform3D(0.969957, 0, 0.243276, 0, 1, 0, -0.243276, 0, 0.969957, 8.43825, 20.6461, 23.0229)
size = Vector3(4, 4, 8)

[node name="boat_right" type="CSGCombiner3D" parent="CSGCombiner3D/boat"]
transform = Transform3D(0.997261, -0.0739693, 0, 0.0739693, 0.997261, 0, 0, 0, 1, 5.03065, -0.320733, 7.93285)

[node name="CSGBox3D" type="CSGBox3D" parent="CSGCombiner3D/boat/boat_right"]
transform = Transform3D(1, 0, 0, 0, 1, 0, 0, 0, 1, 0, 7, 17.446)
size = Vector3(30, 15, 38.2285)

[node name="CSGCylinder3D" type="CSGCylinder3D" parent="CSGCombiner3D/boat/boat_right"]
transform = Transform3D(1, 0, 0, 0, 1, 0, 0, 0, 1, 0, 7, 36.34)
radius = 15.0
height = 15.0

[node name="CSGBox3D2" type="CSGBox3D" parent="CSGCombiner3D/boat/boat_right"]
transform = Transform3D(1, 0, 0, 0, 1, 0, 0, 0, 1, 1.00092, 14.1268, 17.446)
operation = 2
size = Vector3(30.0018, 2.55078, 38.2285)

[node name="CSGBox3D3" type="CSGBox3D" parent="CSGCombiner3D/boat/boat_right"]
transform = Transform3D(1, 0, 0, 0, 1, 0, 0, 0, 1, 0.788163, 9.05424, 18.8921)
operation = 2
size = Vector3(25.3347, 3.66992, 14.7279)

[node name="CSGBox3D20" type="CSGBox3D" parent="CSGCombiner3D/boat/boat_right"]
transform = Transform3D(1, 0, 0, 0, 0.85596, 0.517041, 0, -0.517041, 0.85596, -8.26304, 12.0442, 33.2166)
operation = 2
size = Vector3(6.09026, 9.67249, 19)

[node name="CSGBox3D4" type="CSGBox3D" parent="CSGCombiner3D/boat/boat_right"]
transform = Transform3D(1, 0, 0, 0, 1, 0, 0, 0, 1, 6.51249, 5.6, 17.4738)
operation = 2
size = Vector3(13.886, 10.3302, 38.2842)

[node name="CSGBox3D5" type="CSGBox3D" parent="CSGCombiner3D/boat/boat_right"]
transform = Transform3D(0.713079, 0, 0.701084, 0, 1, 0, -0.701084, 0, 0.713079, 5.92537, 3.84823, 26.0239)
operation = 2
size = Vector3(9.26208, 6.82666, 31.024)

[node name="CSGBox3D6" type="CSGBox3D" parent="CSGCombiner3D/boat/boat_right"]
transform = Transform3D(-0.04749, 0, 0.998872, 0, 1, 0, -0.998872, 0, -0.04749, -10.5528, 3.84823, 23.7468)
operation = 2
size = Vector3(14.1975, 6.82666, 10.5011)

[node name="CSGBox3D7" type="CSGBox3D" parent="CSGCombiner3D/boat/boat_right"]
transform = Transform3D(-0.04749, 0, 0.998872, 0, 1, 0, -0.998872, 0, -0.04749, -3.69104, 3.84823, 21.1855)
operation = 2
size = Vector3(9.73248, 6.82666, 9)

[node name="CSGCylinder3D2" type="CSGCylinder3D" parent="CSGCombiner3D/boat/boat_right"]
transform = Transform3D(1, 0, 0, 0, 1, 0, 0, 0, 1, 0, 14.1244, 36.34)
operation = 2
radius = 14.0
height = 2.5459

[node name="CSGBox3D8" type="CSGBox3D" parent="CSGCombiner3D/boat/boat_right"]
transform = Transform3D(1, 0, 0, 0, 1, 0, 0, 0, 1, 10.6449, 4.26267, 10.0208)
size = Vector3(5.09277, 8, 2.46533)

[node name="CSGBox3D9" type="CSGBox3D" parent="CSGCombiner3D/boat/boat_right"]
transform = Transform3D(1, 0, 0, 0, 1, 0, 0, 0, 1, 3.57838, 5.99085, 10.0208)
size = Vector3(9.50171, 2.49176, 2.46533)

[node name="CSGBox3D10" type="CSGBox3D" parent="CSGCombiner3D/boat/boat_right"]
transform = Transform3D(1, 0, 0, 0, 1, 0, 0, 0, 1, -12.4256, 11.7161, -3.25367)
size = Vector3(2, 2, 5.38916)

[node name="CSGBox3D11" type="CSGBox3D" parent="CSGCombiner3D/boat/boat_right"]
transform = Transform3D(1, 0, 0, 0, 1, 0, 0, 0, 1, -3.6743, 11.7161, -3.25367)
size = Vector3(2, 2, 5.38916)

[node name="CSGBox3D12" type="CSGBox3D" parent="CSGCombiner3D/boat/boat_right"]
transform = Transform3D(1, 0, 0, 0, 1, 0, 0, 0, 1, 8.40807, 11.7161, -3.25367)
size = Vector3(2, 2, 5.38916)

[node name="CSGBox3D13" type="CSGBox3D" parent="CSGCombiner3D/boat/boat_right"]
transform = Transform3D(1, 0, 0, 0, 1, 0, 0, 0, 1, 13.4182, 11.7161, -3.25367)
size = Vector3(2, 2, 5.38916)

[node name="CSGBox3D16" type="CSGBox3D" parent="CSGCombiner3D/boat/boat_right"]
transform = Transform3D(1, 0, 0, 0, 1, 0, 0, 0, 1, 15.5566, 8.50587, 8.65917)
size = Vector3(6.27686, 0.822266, 0.825073)

[node name="CSGBox3D17" type="CSGBox3D" parent="CSGCombiner3D/boat/boat_right"]
transform = Transform3D(1, 0, 0, 0, 1, 0, 0, 0, 1, 15.5566, 11.0198, 1.798)
size = Vector3(6.27686, 0.822266, 0.825073)

[node name="CSGBox3D14" type="CSGBox3D" parent="CSGCombiner3D/boat/boat_right"]
transform = Transform3D(1, 0, 0, 0, 0.879541, -0.475824, 0, 0.475824, 0.879541, 16.9826, 2.60032, 19.5574)
size = Vector3(5.01074, 1.44023, 12.9695)

[node name="CSGBox3D15" type="CSGBox3D" parent="CSGCombiner3D/boat/boat_right"]
transform = Transform3D(0.997898, -0.0171048, 0.0625039, 0.0426199, 0.899808, -0.4342, -0.0488147, 0.435951, 0.898646, 17.6924, 7.57993, 11.8265)
size = Vector3(2.97107, 0.235741, 8.24402)

[node name="CSGBox3D18" type="CSGBox3D" parent="CSGCombiner3D/boat/boat_right"]
transform = Transform3D(0.999646, -0.0155977, -0.0215386, 0.00651061, 0.928824, -0.370463, 0.025784, 0.370192, 0.928597, 17.2445, 10.4909, 5.32866)
size = Vector3(2.97107, 0.235741, 8.24402)

[node name="CSGBox3D19" type="CSGBox3D" parent="CSGCombiner3D/boat/boat_right"]
transform = Transform3D(0.986539, 0.156315, -0.0480203, -0.157979, 0.835241, -0.526702, -0.0422227, 0.527198, 0.848693, 16.4904, 12.0213, 1.11053)
size = Vector3(2.97107, 0.235741, 3.05804)

[node name="conteiner16" type="CSGBox3D" parent="CSGCombiner3D/boat/boat_right"]
transform = Transform3D(1, 0, 0, 0, 1, 0, 0, 0, 1, 0, 14.3102, 43.1856)
size = Vector3(4, 3.06641, 3.3667)

[node name="conteiner17" type="CSGBox3D" parent="CSGCombiner3D/boat/boat_right"]
transform = Transform3D(0.184552, 0, -0.982823, 0, 1, 0, 0.982823, 0, 0.184552, -9.03254, 14.777, 0.658099)
size = Vector3(4, 4, 8)

[node name="conteiner22" type="CSGBox3D" parent="CSGCombiner3D/boat/boat_right"]
transform = Transform3D(-0.0885987, 0, -0.996067, 0, 1, 0, 0.996067, 0, -0.0885987, -0.576643, 14.777, 0.440562)
size = Vector3(4, 4, 8)

[node name="conteiner24" type="CSGBox3D" parent="CSGCombiner3D/boat/boat_right"]
transform = Transform3D(0.558295, 0, -0.829642, 0, 1, 0, 0.829642, 0, 0.558295, 7.91092, 14.7878, -0.196194)
size = Vector3(4, 4, 8)

[node name="conteiner18" type="CSGBox3D" parent="CSGCombiner3D/boat/boat_right"]
transform = Transform3D(-0.200445, 0, -0.979705, 0, 1, 0, 0.979705, 0, -0.200445, -8.88524, 14.777, 6.34275)
size = Vector3(4, 4, 8)

[node name="conteiner19" type="CSGBox3D" parent="CSGCombiner3D/boat/boat_right"]
transform = Transform3D(-0.918357, 0, 0.395754, 0, 1, 0, -0.395754, 0, -0.918357, -9.81609, 14.777, 13.0598)
size = Vector3(4, 4, 8)

[node name="conteiner20" type="CSGBox3D" parent="CSGCombiner3D/boat/boat_right"]
transform = Transform3D(-0.998236, 0, -0.0593761, 0, 1, 0, 0.0593761, 0, -0.998236, -10.7077, 14.777, 21.3507)
size = Vector3(4, 4, 8)

[node name="conteiner27" type="CSGBox3D" parent="CSGCombiner3D/boat/boat_right"]
transform = Transform3D(-0.855996, 0, -0.516982, 0, 1, 0, 0.516982, 0, -0.855996, -2.2437, 14.777, 27.1259)
size = Vector3(4, 4, 8)

[node name="conteiner30" type="CSGBox3D" parent="CSGCombiner3D/boat/boat_right"]
transform = Transform3D(-0.690453, 0, 0.723377, 0, 1, 0, -0.723377, 0, -0.690453, 12.3505, 14.777, 25.2251)
size = Vector3(4, 4, 8)

[node name="conteiner28" type="CSGBox3D" parent="CSGCombiner3D/boat/boat_right"]
transform = Transform3D(-0.110428, 0, -0.993884, 0, 1, 0, 0.993884, 0, -0.110428, -6.37651, 18.8378, 23.0197)
size = Vector3(4, 4, 8)

[node name="conteiner29" type="CSGBox3D" parent="CSGCombiner3D/boat/boat_right"]
transform = Transform3D(-0.849045, 0, -0.52832, 0, 1, 0, 0.52832, 0, -0.849045, -4.99599, 14.6909, 19.5405)
size = Vector3(4, 4, 8)

[node name="conteiner21" type="CSGBox3D" parent="CSGCombiner3D/boat/boat_right"]
transform = Transform3D(-0.998236, 0, -0.0593761, 0, 1, 0, 0.0593761, 0, -0.998236, -9.79817, 18.5929, 10.3242)
size = Vector3(4, 4, 8)

[node name="conteiner25" type="CSGBox3D" parent="CSGCombiner3D/boat/boat_right"]
transform = Transform3D(0.0385417, -0.030325, -0.998797, 0.618353, 0.7859, -2.79397e-09, 0.784954, -0.61761, 0.0490415, -8.79159, -0.316328, 27.3996)
size = Vector3(4, 4, 8)

[node name="conteiner26" type="CSGBox3D" parent="CSGCombiner3D/boat/boat_right"]
transform = Transform3D(0.0375085, -0.031594, -0.998797, 0.64423, 0.764831, -2.79397e-09, 0.763911, -0.643455, 0.0490415, -8.62173, 1.68496, 30.859)
size = Vector3(4, 5, 8)

[node name="conteiner23" type="CSGBox3D" parent="CSGCombiner3D/boat/boat_right"]
transform = Transform3D(-0.720878, 0, -0.693062, 0, 1, 0, 0.693062, 0, -0.720878, -8.03217, 18.5929, 1.9917)
size = Vector3(4, 4, 8)

[node name="airplane" type="CSGCombiner3D" parent="CSGCombiner3D"]
transform = Transform3D(0.898296, 0, -0.439391, 0, 1, 0, 0.439391, 0, 0.898296, -51.1841, -0.709864, 148.878)

[node name="fuzilaj_1" type="CSGCombiner3D" parent="CSGCombiner3D/airplane"]
transform = Transform3D(0.9472, 0.0779611, -0.311021, -0.0525435, 0.994618, 0.0892941, 0.316309, -0.0682373, 0.946199, -1.14905, -2.32711, 3.32269)

[node name="CSGCylinder3D" type="CSGCylinder3D" parent="CSGCombiner3D/airplane/fuzilaj_1"]
transform = Transform3D(-4.37114e-08, -1, 0, 1, -4.37114e-08, 0, 0, 0, 1, -15.5, 7, 0)
radius = 5.0
height = 19.0
sides = 16

[node name="hole" type="CSGCylinder3D" parent="CSGCombiner3D/airplane/fuzilaj_1"]
transform = Transform3D(-4.37114e-08, -1, 0, 1, -4.37114e-08, 0, 0, 0, 1, -15.635, 7, 0)
operation = 2
radius = 4.5
height = 20.73
sides = 16

[node name="hole2" type="CSGBox3D" parent="CSGCombiner3D/airplane/fuzilaj_1"]
transform = Transform3D(-0.992635, 0, -0.121142, -0.121142, -4.37114e-08, 0.992635, -5.29528e-09, 1, 4.33895e-08, -15.7274, 7.76282, 5.4234)
operation = 2
size = Vector3(4.62903, 3.53644, 3.84956)

[node name="hole3" type="CSGBox3D" parent="CSGCombiner3D/airplane/fuzilaj_1"]
transform = Transform3D(-0.789855, 0, 0.613293, 0.613293, -4.37114e-08, 0.789855, 2.68079e-08, 1, 3.45257e-08, -16.4146, 8.29639, 4.28456)
operation = 2
size = Vector3(3.32889, 5.81412, 3.84956)

[node name="hole4" type="CSGBox3D" parent="CSGCombiner3D/airplane/fuzilaj_1"]
transform = Transform3D(-1, 1.49012e-07, -0.00207738, -0.00207694, -2.75671e-07, 1, -8.64267e-07, 1, -1.11759e-07, -20.327, 8.08839, -3.51963)
operation = 2
size = Vector3(2.83881, 3.8422, 3.30883)

[node name="CSGBox3D" type="CSGBox3D" parent="CSGCombiner3D/airplane/fuzilaj_1"]
transform = Transform3D(1, 0, 0, 0, 1, 0, 0, 0, 1, -15.6416, 6, 0)
size = Vector3(18.7168, 0.6, 9)

[node name="CSGBox3D2" type="CSGBox3D" parent="CSGCombiner3D/airplane/fuzilaj_1"]
transform = Transform3D(1, 0, 0, 0, 1, 0, 0, 0, 1, -15.8081, 9.99128, 0)
size = Vector3(18.3838, 0.582556, 7)

[node name="CSGBox3D3" type="CSGBox3D" parent="CSGCombiner3D/airplane/fuzilaj_1"]
transform = Transform3D(0.974902, -0.0244292, 0.221288, 0.0787363, 0.967558, -0.240065, -0.208245, 0.251464, 0.945198, -13.6162, 7.49352, -2.6254)
size = Vector3(5, 3, 1.92725)

[node name="CSGBox3D4" type="CSGBox3D" parent="CSGCombiner3D/airplane/fuzilaj_1"]
transform = Transform3D(0.827443, 0, -0.561549, 0, 1, 0, 0.561549, 0, 0.827443, -20.9438, 7.81006, 2.2384)
size = Vector3(0.668213, 3, 3.99854)

[node name="CSGBox3D17" type="CSGBox3D" parent="CSGCombiner3D/airplane/fuzilaj_1"]
transform = Transform3D(1, 0, 0, 0, 1, 0, 0, 0, 1, -13.8397, 4.30658, -3.34474)
size = Vector3(7.57043, 3.37213, 4.01991)

[node name="CSGBox3D5" type="CSGBox3D" parent="CSGCombiner3D/airplane/fuzilaj_1"]
transform = Transform3D(1, 0, 0, 0, 1, 0, 0, 0, 1, -24, 5.01519, -1.291)
size = Vector3(0.25, 4.61017, 0.441)

[node name="CSGBox3D7" type="CSGBox3D" parent="CSGCombiner3D/airplane/fuzilaj_1"]
transform = Transform3D(1, 0, 0, 0, -4.37114e-08, -1, 0, 1, -4.37114e-08, -24, 6.91182, -2.79625)
size = Vector3(0.25, 2.96313, 0.441)

[node name="CSGBox3D20" type="CSGBox3D" parent="CSGCombiner3D/airplane/fuzilaj_1"]
transform = Transform3D(1, 1.49012e-07, 1.8999e-07, -2.6077e-08, -2.75671e-07, -1, 7.7486e-07, 1, -1.93715e-07, -24.9763, 5.16007, -4.31714)
size = Vector3(2.20264, 0.319946, 0.203898)

[node name="CSGBox3D21" type="CSGBox3D" parent="CSGCombiner3D/airplane/fuzilaj_1"]
transform = Transform3D(0.97034, -0.241753, 3.94881e-07, -0.0371057, -0.148934, -0.988151, 0.238889, 0.958841, -0.153486, -26.367, 3.39372, -4.59632)
size = Vector3(3.16626, 1.75313, 3.69551)

[node name="CSGBox3D9" type="CSGBox3D" parent="CSGCombiner3D/airplane/fuzilaj_1"]
transform = Transform3D(0.933013, -0.25, -0.258819, 0.00307089, 0.72476, -0.688994, 0.35983, 0.642046, 0.676978, -24.0442, 4.1973, -2.23287)
size = Vector3(0.25, 1.76381, 2.67871)

[node name="CSGBox3D18" type="CSGBox3D" parent="CSGCombiner3D/airplane/fuzilaj_1"]
transform = Transform3D(-0.250992, -0.934825, -0.251215, 0.81258, -0.0624424, -0.579497, 0.526041, -0.34958, 0.77529, -28.0894, 3.36757, -1.05614)
size = Vector3(0.0662842, 1.76381, 6.46454)

[node name="CSGBox3D19" type="CSGBox3D" parent="CSGCombiner3D/airplane/fuzilaj_1"]
transform = Transform3D(-0.535857, 0.15843, -0.829312, 0.843851, 0.0681379, -0.532235, -0.0278138, -0.985018, -0.170203, -25.9598, 5.6883, -3.91781)
size = Vector3(0.0662842, 1.76381, 2.09943)

[node name="CSGBox3D10" type="CSGBox3D" parent="CSGCombiner3D/airplane/fuzilaj_1"]
transform = Transform3D(1, 0, 0, 0, -4.37114e-08, -1, 0, 1, -4.37114e-08, -24, 5.08197, 2.70278)
size = Vector3(0.25, 2.96313, 1.24882)

[node name="CSGBox3D8" type="CSGBox3D" parent="CSGCombiner3D/airplane/fuzilaj_1"]
transform = Transform3D(1, 0, 0, 0, 0.268331, -0.963327, 0, 0.963327, 0.268331, -24, 7.28187, 2.78497)
size = Vector3(0.25, 2.96313, 0.441)

[node name="CSGBox3D6" type="CSGBox3D" parent="CSGCombiner3D/airplane/fuzilaj_1"]
transform = Transform3D(1, 0, 0, 0, 1, 0, 0, 0, 1, -24, 6.2101, 1.352)
size = Vector3(0.25, 7, 0.441)

[node name="CSGBox3D11" type="CSGBox3D" parent="CSGCombiner3D/airplane/fuzilaj_1"]
transform = Transform3D(1, 0, 0, 0, 1, 0, 0, 0, 1, -9.08444, 6.2101, -1.291)
size = Vector3(0.25, 7, 0.441)

[node name="CSGBox3D12" type="CSGBox3D" parent="CSGCombiner3D/airplane/fuzilaj_1"]
transform = Transform3D(1, 0, 0, 0, -4.37114e-08, -1, 0, 1, -4.37114e-08, -9.08444, 8.08759, 2.6843)
size = Vector3(0.25, 2.96313, 3.19521)

[node name="CSGBox3D14" type="CSGBox3D" parent="CSGCombiner3D/airplane/fuzilaj_1"]
transform = Transform3D(0.489414, -0.530112, -0.692428, -0.816611, -2.98023e-08, -0.577188, 0.305974, 0.847928, -0.432895, -7.68187, 6.88042, -2.45726)
size = Vector3(0.25, 2.96313, 0.441)

[node name="CSGBox3D13" type="CSGBox3D" parent="CSGCombiner3D/airplane/fuzilaj_1"]
transform = Transform3D(1, 0, 0, 0, -0.636334, -0.771414, 0, 0.771414, -0.636334, -9.08444, 3.96943, -2.79625)
size = Vector3(0.25, 2.96313, 0.441)

[node name="CSGBox3D16" type="CSGBox3D" parent="CSGCombiner3D/airplane/fuzilaj_1"]
transform = Transform3D(1, 0, 0, 0, -0.264243, -0.964456, 0, 0.964456, -0.264243, -9.08444, 4.67806, 2.79179)
size = Vector3(0.25, 2.96313, 0.441)

[node name="CSGBox3D15" type="CSGBox3D" parent="CSGCombiner3D/airplane/fuzilaj_1"]
transform = Transform3D(1, 0, 0, 0, 1, 0, 0, 0, 1, -9.08444, 6.2101, 1.352)
size = Vector3(0.25, 7, 0.441)

[node name="fuzilaj_2" type="CSGCombiner3D" parent="CSGCombiner3D/airplane"]
transform = Transform3D(0.0665873, 0, -0.997781, 0, 1, 0, 0.997781, 0, 0.0665873, 3.02483, -1.51992e-06, -25.7884)

[node name="CSGCylinder3D" type="CSGCylinder3D" parent="CSGCombiner3D/airplane/fuzilaj_2"]
transform = Transform3D(-4.37114e-08, -1, 0, 1, -4.37114e-08, 0, 0, 0, 1, -2.62268e-07, 6, 0)
radius = 5.0
height = 20.0
sides = 16

[node name="CSGCylinder3D2" type="CSGCylinder3D" parent="CSGCombiner3D/airplane/fuzilaj_2"]
transform = Transform3D(-4.37114e-08, -1, 0, 1, -4.37114e-08, 0, 0, 0, 1, 0.0904538, 6, 0)
operation = 2
radius = 4.5
height = 21.0471
sides = 16

[node name="CSGBox3D" type="CSGBox3D" parent="CSGCombiner3D/airplane/fuzilaj_2"]
transform = Transform3D(1, 0, 0, 0, 1, 0, 0, 0, 1, 0, 9, 0)
size = Vector3(20, 0.6, 7)

[node name="CSGBox3D2" type="CSGBox3D" parent="CSGCombiner3D/airplane/fuzilaj_2"]
transform = Transform3D(1, 0, 0, 0, 1, 0, 0, 0, 1, -0.0646362, 5, 3.06372)
size = Vector3(19.8707, 0.6, 2.87256)

[node name="CSGBox3D12" type="CSGBox3D" parent="CSGCombiner3D/airplane/fuzilaj_2"]
transform = Transform3D(0.453864, 0.125703, -0.88216, -0.0833929, 0.991647, 0.0983993, 0.88716, 0.0289061, 0.460555, 12.907, 1.88985, 4.5539)
size = Vector3(8, 4, 4)

[node name="CSGBox3D11" type="CSGBox3D" parent="CSGCombiner3D/airplane/fuzilaj_2"]
transform = Transform3D(0.895867, 0.444322, 0, -0.444322, 0.895867, 0, 0, 0, 1, 11.0373, 4.73134, 3.06372)
size = Vector3(2.95709, 0.0496582, 2.87256)

[node name="CSGBox3D13" type="CSGBox3D" parent="CSGCombiner3D/airplane/fuzilaj_2"]
transform = Transform3D(0.672971, 0.435727, 0.597706, -0.435085, 0.886681, -0.156517, -0.598173, -0.154721, 0.786289, 18.1126, 2.08628, 3.55648)
size = Vector3(7.47896, 0.0496582, 2.31042)

[node name="CSGBox3D3" type="CSGBox3D" parent="CSGCombiner3D/airplane/fuzilaj_2"]
transform = Transform3D(1, 0, 0, 0, 1, 0, 0, 0, 1, 8.692, 5.149, -1.35)
size = Vector3(0.25, 6.983, 0.6)

[node name="CSGBox3D4" type="CSGBox3D" parent="CSGCombiner3D/airplane/fuzilaj_2"]
transform = Transform3D(1, 5.96046e-08, 0, 2.98023e-08, 1, -4.65661e-10, 0, -4.65661e-09, 1, 8.692, 5.312, 1.47754)
size = Vector3(0.25, 7.309, 0.344922)

[node name="CSGBox3D5" type="CSGBox3D" parent="CSGCombiner3D/airplane/fuzilaj_2"]
transform = Transform3D(1, 8.19564e-08, 0, 4.09782e-08, 1, -4.65661e-10, 0, -4.65661e-09, 1, -6.85104, 5.149, -1.52881)
size = Vector3(0.25, 6.983, 0.242383)

[node name="CSGBox3D6" type="CSGBox3D" parent="CSGCombiner3D/airplane/fuzilaj_2"]
transform = Transform3D(1, 0, 0, 0, 1, 0, 0, 0, 1, -6.85104, 5.312, 1.35)
size = Vector3(0.25, 7.309, 0.6)

[node name="CSGBox3D8" type="CSGBox3D" parent="CSGCombiner3D/airplane/fuzilaj_2"]
transform = Transform3D(0.867805, -0.318111, 0.381733, 0.342532, 0.939497, 0.0042268, -0.359981, 0.127088, 0.924263, -6.10057, 3.00681, 2.19988)
size = Vector3(0.25, 3.0129, 1.56514)

[node name="CSGBox3D7" type="CSGBox3D" parent="CSGCombiner3D/airplane/fuzilaj_2"]
transform = Transform3D(1, 0, 0, 0, 1, 0, 0, 0, 1, 4.7415, 4.34936, -2.72526)
size = Vector3(4, 5.69427, 3.51117)

[node name="CSGBox3D9" type="CSGBox3D" parent="CSGCombiner3D/airplane/fuzilaj_2"]
transform = Transform3D(0.931179, 0.163496, -0.325845, -0.139434, 0.985562, 0.0960497, 0.336844, -0.0440055, 0.940531, -4.56195, 6.12869, 2.36611)
size = Vector3(5.58643, 1.20361, 0.36377)

[node name="CSGBox3D10" type="CSGBox3D" parent="CSGCombiner3D/airplane/fuzilaj_2"]
transform = Transform3D(0.783965, 0.331002, -0.525201, -0.248741, 0.942604, 0.222771, 0.568794, -0.0440055, 0.821302, -4.48253, 7.53967, 2.38363)
size = Vector3(5.58643, 2, 0.36377)

[node name="CSGBox3D14" type="CSGBox3D" parent="CSGCombiner3D/airplane/fuzilaj_2"]
transform = Transform3D(-0.229264, 0.331002, -0.915356, 0.12557, 0.942604, 0.309404, 0.965231, -0.0440055, -0.257669, -7.50965, 7.22106, 1.66143)
size = Vector3(5.67261, 2.87939, 0.36377)

[node name="CSGBox3D15" type="CSGBox3D" parent="CSGCombiner3D/airplane/fuzilaj_2"]
transform = Transform3D(0.491638, -0.542066, -0.681509, 0.481738, 0.821264, -0.305703, 0.725408, -0.178014, 0.664899, -0.739473, 9.7781, 0.511342)
operation = 2
size = Vector3(5, 7.59204, 3.30273)

[node name="CSGCylinder3D3" type="CSGCylinder3D" parent="CSGCombiner3D/airplane/fuzilaj_2"]
transform = Transform3D(0.980627, 0.195878, 0, -0.195878, 0.980628, -4.65661e-10, -2.68221e-07, -1.86265e-09, 1, -0.421848, 9.0111, -0.33291)
operation = 2
radius = 2.19922
height = 4.9292

[node name="wing1" type="CSGCombiner3D" parent="CSGCombiner3D/airplane"]

[node name="CSGPolygon3D" type="CSGPolygon3D" parent="CSGCombiner3D/airplane/wing1"]
transform = Transform3D(0.238691, 0.206085, -0.793078, 1.17509, -4.09782e-08, 0.16824, 0.0502696, -0.978534, -0.167027, -22.0412, 3, -11.2928)
polygon = PackedVector2Array(-1, -2, -1, 17, 3, 17, 7, -2)

[node name="CSGPolygon3D2" type="CSGPolygon3D" parent="CSGCombiner3D/airplane/wing1"]
transform = Transform3D(0.0602211, -0.410138, -0.583284, 0.682615, 0.0485699, 0.0337766, 0.0205839, -0.410786, 0.586358, -19.481, 2.13552, -29.1194)
polygon = PackedVector2Array(-1, -2, -1, 17, 3, 17, 7, -2)

[node name="CSGCylinder3D" type="CSGCylinder3D" parent="CSGCombiner3D/airplane/wing1"]
transform = Transform3D(1, 0, 0, 0, 1, 0, 0, 0, 1, -21.6436, 4.30905, -17.9731)
radius = 2.0
height = 8.0

[node name="CSGCylinder3D2" type="CSGCylinder3D" parent="CSGCombiner3D/airplane/wing1"]
transform = Transform3D(0.978444, -0.191631, 0.0769766, 0.20255, 0.963183, -0.176781, -0.0402658, 0.188562, 0.981236, -16.1892, 2.99364, -28.4289)
radius = 2.0
height = 8.0

[node name="wing2" type="CSGCombiner3D" parent="CSGCombiner3D/airplane"]
transform = Transform3D(0.029643, 0.882816, 0.468783, 0.991521, -0.085333, 0.0980018, 0.12652, 0.461903, -0.87786, -18.2179, 27.3937, -5.19476)

[node name="CSGPolygon3D" type="CSGPolygon3D" parent="CSGCombiner3D/airplane/wing2"]
transform = Transform3D(-0.143836, 0.162855, 0.810655, -1.18485, 0.0844454, -0.111631, -0.125612, -0.983029, 0.124709, -20.7778, 6.44887, -10.4536)
polygon = PackedVector2Array(-1, -2, -1, 13, 4, 12, 7, -2)

[node name="CSGPolygon3D2" type="CSGPolygon3D" parent="CSGCombiner3D/airplane/wing2"]
transform = Transform3D(-0.108564, -0.148386, 0.789641, -0.672541, 0.0875895, -0.101557, -0.0769139, -0.556441, -0.22656, -18.9288, 6.67822, -24.1902)
polygon = PackedVector2Array(-1, -2, -1, 17, 3, 17, 7, -2)

[node name="CSGCylinder3D" type="CSGCylinder3D" parent="CSGCombiner3D/airplane/wing2"]
transform = Transform3D(1, 0, 0, 0, 1, 0, 0, 0, 1, -22.8724, 5.88836, -17.9731)
radius = 2.0
height = 8.0

[node name="CSGCylinder3D2" type="CSGCylinder3D" parent="CSGCombiner3D/airplane/wing2"]
transform = Transform3D(0.976788, 0.0808728, -0.198356, -0.189365, 0.758865, -0.62311, 0.100133, 0.646207, 0.756564, -22.3533, 4.02151, -23.9111)
radius = 2.0
height = 8.0

[node name="tail" type="CSGCombiner3D" parent="CSGCombiner3D/airplane"]
transform = Transform3D(-0.979803, 0.198993, 0.0197078, 1.11759e-08, -0.0985555, 0.995132, 0.199967, 0.975033, 0.096565, 67.2898, 4.58673, -20.3299)

[node name="CSGCylinder3D" type="CSGCylinder3D" parent="CSGCombiner3D/airplane/tail"]
transform = Transform3D(-4.37115e-08, -1, 0, 1, -4.37114e-08, 0, 0, 0, 1, 30, 8, 0)
radius = 5.0
height = 40.0
sides = 16
cone = true

[node name="CSGCylinder3D4" type="CSGCylinder3D" parent="CSGCombiner3D/airplane/tail"]
transform = Transform3D(-4.37115e-08, -1, 0, 1, -4.37114e-08, 0, 0, 0, 1, 30, 8, 0)
operation = 2
radius = 4.5
height = 40.0
sides = 16
cone = true

[node name="CSGBox3D" type="CSGBox3D" parent="CSGCombiner3D/airplane/tail"]
transform = Transform3D(1, 0, 0, 0, 1, 0, 0, 0, 1, 21.2975, 8.96174, 0)
operation = 2
size = Vector3(43.6328, 10, 10)

[node name="CSGBox3D6" type="CSGBox3D" parent="CSGCombiner3D/airplane/tail"]
transform = Transform3D(0.973576, -0.228368, 0, 0.228368, 0.973576, 0, 0, 0, 1, 43.5331, 4.96087, 0.837646)
operation = 2
size = Vector3(3.99646, 5.01175, 8.32471)

[node name="CSGCylinder3D2" type="CSGCylinder3D" parent="CSGCombiner3D/airplane/tail"]
transform = Transform3D(-2.08616e-07, -1, -1.15463e-14, 1, -2.08616e-07, 0, -3.19744e-14, 1.06581e-14, 1, 56.5628, 8, -4.76837e-07)
radius = 5.0
height = 14.6123
sides = 16

[node name="CSGCylinder3D3" type="CSGCylinder3D" parent="CSGCombiner3D/airplane/tail"]
transform = Transform3D(-7.45058e-08, -1, -8.88178e-15, 1, -7.45058e-08, 0, -2.84217e-14, 3.55271e-15, 1, 56.1604, 8.00001, -4.76837e-07)
operation = 2
radius = 4.5
height = 17.3564
sides = 16

[node name="tail" type="CSGPolygon3D" parent="CSGCombiner3D/airplane/tail"]
transform = Transform3D(0.990745, -0.0267868, 0.133063, 0.0375292, 0.996177, -0.0788907, -0.130441, 0.0831545, 0.987963, 43.9844, 11.8223, 0.437525)
polygon = PackedVector2Array(0, 0, 0, 9, 2, 9, 7, 0)

[node name="tail2" type="CSGPolygon3D" parent="CSGCombiner3D/airplane/tail"]
transform = Transform3D(0.986214, -0.158612, 0.0471617, 0.0578189, 0.0632591, -0.996321, 0.155045, 0.985312, 0.0715579, 45.2398, 7.36202, 3.39998)
polygon = PackedVector2Array(0, 0, 0, 9, 2, 9, 7, 0)

[node name="tail3" type="CSGPolygon3D" parent="CSGCombiner3D/airplane/tail"]
transform = Transform3D(0.988283, -0.0505705, 0.144008, 0.0844504, 0.967106, -0.239944, -0.127137, 0.249294, 0.960046, 44.4882, 9.57988, -2.90417)
polygon = PackedVector2Array(0, 0, 0, 9, 2, 9, 7, 0)

