[gd_scene load_steps=31 format=3 uid="uid://drta2q1wjv5t8"]

[ext_resource type="PackedScene" uid="uid://bey6khmknn3i3" path="res://assets/models/cranes/pillar_32.tscn" id="1_tvx8i"]
[ext_resource type="Shader" uid="uid://2eevk65wovxy" path="res://assets/materials/terrain/concrete_base.tres" id="2_qeeio"]
[ext_resource type="Shader" uid="uid://foi7cxktunhj" path="res://assets/materials/terrain/concrete_fundament.tres" id="3_8i1ho"]
[ext_resource type="PackedScene" uid="uid://bleeu4wslro6k" path="res://assets/models/cranes/basement_metal.tscn" id="3_8myco"]
[ext_resource type="PackedScene" uid="uid://1n6p2v7bvlav" path="res://assets/models/props/conteiner_blue.tscn" id="4_mbwpx"]
[ext_resource type="PackedScene" uid="uid://uovbhf71d8xg" path="res://assets/models/props/conteiner_red.tscn" id="5_lt4ah"]
[ext_resource type="PackedScene" uid="uid://easbg5stgfi" path="res://assets/models/terrain/terrain2.tscn" id="6_lt4ah"]
[ext_resource type="PackedScene" uid="uid://cmfgb32bagf6l" path="res://assets/models/cranes/pillar_16.tscn" id="7_4h858"]
[ext_resource type="PackedScene" uid="uid://r1pq1gwlei4h" path="res://assets/models/terrain/lake.tscn" id="7_r107u"]
[ext_resource type="PackedScene" uid="uid://carosy2hjhjtc" path="res://assets/models/cranes/pillar_destroyed.tscn" id="7_tev22"]
[ext_resource type="PackedScene" uid="uid://b325x3rtukbb8" path="res://assets/models/cranes/arrow_destroyed_down.tscn" id="8_nescs"]
[ext_resource type="PackedScene" uid="uid://dbe8563qqssgh" path="res://assets/models/cranes/arrow_destroyed_up.tscn" id="8_tev22"]
[ext_resource type="PackedScene" uid="uid://c2oojhhhem8m6" path="res://assets/models/cranes/pillar_48.tscn" id="9_486vg"]
[ext_resource type="PackedScene" uid="uid://cmqo0uxidcbv2" path="res://assets/models/cranes/pillar_base.tscn" id="12_47cqb"]
[ext_resource type="PackedScene" uid="uid://c0c3gcnnt3gfa" path="res://assets/models/cranes/arrow+tail.tscn" id="13_qrkjc"]
[ext_resource type="PackedScene" uid="uid://bnpg4eu27xhfs" path="res://assets/models/cranes/cabin+wires.tscn" id="14_adkyy"]
[ext_resource type="PackedScene" uid="uid://dvfs25xn3mu0y" path="res://assets/models/airplane/chair.tscn" id="15_ojgs1"]
[ext_resource type="PackedScene" uid="uid://ca5anvxadtw8o" path="res://assets/models/boat/boat_left.tscn" id="15_oqlqa"]
[ext_resource type="PackedScene" uid="uid://ccxcp140ngp6t" path="res://assets/models/airplane/face.tscn" id="16_eue7f"]
[ext_resource type="PackedScene" uid="uid://bbv6t4d8n761x" path="res://assets/models/boat/boat_right.tscn" id="16_ojevv"]
[ext_resource type="PackedScene" uid="uid://c4cjfe6dsha0c" path="res://assets/models/airplane/wing_ramp.tscn" id="17_0oaaa"]
[ext_resource type="PackedScene" uid="uid://cjea53wok0fx7" path="res://assets/models/airplane/fuzilaj_1.tscn" id="17_7x6dg"]
[ext_resource type="PackedScene" uid="uid://r1e8h6n614l8" path="res://assets/models/skybox/roof+stadium.tscn" id="17_adkyy"]
[ext_resource type="PackedScene" uid="uid://c215wqvsm46cp" path="res://assets/models/airplane/wing_wall.tscn" id="18_5jqir"]
[ext_resource type="PackedScene" uid="uid://yth2wy61qlc" path="res://assets/models/airplane/tail.tscn" id="19_0jqhp"]
[ext_resource type="PackedScene" uid="uid://cu3cid5f1pvtr" path="res://assets/models/airplane/fuzilaj2.tscn" id="20_ojevv"]
[ext_resource type="PackedScene" uid="uid://c8g24tjbkqfuk" path="res://assets/models/skybox/fence+area.tscn" id="26_oqlqa"]

[sub_resource type="ShaderMaterial" id="ShaderMaterial_47cqb"]
render_priority = 0
shader = ExtResource("2_qeeio")

[sub_resource type="ShaderMaterial" id="ShaderMaterial_qrkjc"]
render_priority = 0
shader = ExtResource("3_8i1ho")

[sub_resource type="StandardMaterial3D" id="StandardMaterial3D_srdrx"]
transparency = 1
cull_mode = 2
depth_draw_mode = 2
albedo_color = Color(1, 1, 1, 0)

[node name="Coliseum" type="Node3D"]
transform = Transform3D(-4.37114e-08, 0, -1, 0, 1, 0, 1, 0, -4.37114e-08, 0, 0, 0)

[node name="CSGCombiner3D" type="CSGCombiner3D" parent="."]
use_collision = true
collision_layer = 7
collision_mask = 7

[node name="cranes" type="CSGCombiner3D" parent="CSGCombiner3D"]
transform = Transform3D(0.965021, 0, -0.262172, 0, 1, 0, 0.262172, 0, 0.965021, -18.2108, 23.5171, 0.0805119)

[node name="pillar_18" parent="CSGCombiner3D/cranes" instance=ExtResource("7_4h858")]
transform = Transform3D(-0.555546, -0.38873, 0.735023, -0.589573, 0.807503, -0.0185492, -0.586321, -0.443654, -0.677789, -19.3105, 1.9263, -19.4025)

[node name="pillar_32" parent="CSGCombiner3D/cranes" instance=ExtResource("1_tvx8i")]
transform = Transform3D(1, 0, 0, 0, 1, 0, 0, 0, 1, 20, 12, -20)

[node name="CSGBox3D" type="CSGBox3D" parent="CSGCombiner3D/cranes"]
transform = Transform3D(1, 0, 0, 0, 1, 0, 0, 0, 1, 0, -12.9663, 0)
size = Vector3(50, 50, 50)
material = SubResource("ShaderMaterial_47cqb")

[node name="CSGBox3D2" type="CSGBox3D" parent="CSGCombiner3D/cranes"]
transform = Transform3D(1, 0, 0, 0, 1, 0, 0, 0, 1, 0, -30, 0)
size = Vector3(60, 60, 60)
material = SubResource("ShaderMaterial_qrkjc")

[node name="basement_metal" parent="CSGCombiner3D/cranes" instance=ExtResource("3_8myco")]
transform = Transform3D(1, 0, 0, 0, 1, 0, 0, 0, 1, 0, 8.55561, 0)
collision_layer = 7
collision_mask = 7

[node name="conteiners" type="Node3D" parent="CSGCombiner3D/cranes"]

[node name="conteiner16" parent="CSGCombiner3D/cranes/conteiners" instance=ExtResource("4_mbwpx")]
transform = Transform3D(0.547884, 0, -0.836555, 0, 1, 0, 0.836555, 0, 0.547884, 4.28164, 12.0544, 20.992)

[node name="conteiner24" parent="CSGCombiner3D/cranes/conteiners" instance=ExtResource("4_mbwpx")]
transform = Transform3D(0.135449, -0.129055, -0.982346, 0.746819, 0.664846, 0.0156299, 0.651091, -0.735748, 0.186433, -21.7689, 14.8613, 8.59264)

[node name="conteiner30" parent="CSGCombiner3D/cranes/conteiners" instance=ExtResource("4_mbwpx")]
transform = Transform3D(-0.426397, 0, -0.904539, 0, 1, 0, 0.904539, 0, -0.426397, -2.11545, 16.0399, -16.0206)

[node name="conteiner33" parent="CSGCombiner3D/cranes/conteiners" instance=ExtResource("4_mbwpx")]
transform = Transform3D(0.204718, 0, -0.978823, 0, 1, 0, 0.978823, 0, 0.204718, -10.27, 16.0399, -6.68515)

[node name="conteiner26" parent="CSGCombiner3D/cranes/conteiners" instance=ExtResource("4_mbwpx")]
transform = Transform3D(-0.467253, 0, -0.884127, 0, 1, 0, 0.884127, 0, -0.467253, 1.71742, 12.0586, -21.9371)

[node name="conteiner25" parent="CSGCombiner3D/cranes/conteiners" instance=ExtResource("4_mbwpx")]
transform = Transform3D(0.0132126, 0, 0.999916, 0, 1, 0, -0.999916, 0, 0.0132126, -11.7057, 11.9852, -6.1716)

[node name="conteiner20" parent="CSGCombiner3D/cranes/conteiners" instance=ExtResource("4_mbwpx")]
transform = Transform3D(0.0199166, 0.266867, 0.963531, -0.999802, 0.00598942, 0.0190066, -0.000700213, -0.963717, 0.266934, 22.5322, 15.8775, 13.3174)

[node name="conteiner17" parent="CSGCombiner3D/cranes/conteiners" instance=ExtResource("5_lt4ah")]
transform = Transform3D(0.372601, 0.923486, -0.0913559, -0.927726, 0.368328, -0.0604828, -0.0222057, 0.10729, 0.993981, 12.9866, 15.403, 2.74941)

[node name="conteiner18" parent="CSGCombiner3D/cranes/conteiners" instance=ExtResource("5_lt4ah")]
transform = Transform3D(-0.240872, 0, -0.970558, 0, 1, 0, 0.970558, 0, -0.240872, 10.5853, 12.0143, 3.91247)

[node name="conteiner19" parent="CSGCombiner3D/cranes/conteiners" instance=ExtResource("5_lt4ah")]
transform = Transform3D(-0.983086, 0, -0.183145, 0, 1, 0, 0.183145, 0, -0.983086, 5.52268, 12.0143, 9.9606)

[node name="conteiner27" parent="CSGCombiner3D/cranes/conteiners" instance=ExtResource("5_lt4ah")]
transform = Transform3D(-0.665452, 0, 0.746442, 0, 1, 0, -0.746442, 0, -0.665452, -22.0025, 12.0143, -2.16196)

[node name="conteiner31" parent="CSGCombiner3D/cranes/conteiners" instance=ExtResource("5_lt4ah")]
transform = Transform3D(-0.822453, 0, 0.568836, 0, 1, 0, -0.568836, 0, -0.822453, -4.54669, 16.1092, -10.0028)

[node name="conteiner32" parent="CSGCombiner3D/cranes/conteiners" instance=ExtResource("5_lt4ah")]
transform = Transform3D(0.816956, 0, 0.576704, 0, 1, 0, -0.576704, 0, 0.816956, -16.4177, 16.1092, -2.89211)

[node name="conteiner28" parent="CSGCombiner3D/cranes/conteiners" instance=ExtResource("5_lt4ah")]
transform = Transform3D(-0.862241, 0, -0.5065, 0, 1, 0, 0.5065, 0, -0.862241, -5.37578, 12.0143, -11.0648)

[node name="conteiner29" parent="CSGCombiner3D/cranes/conteiners" instance=ExtResource("5_lt4ah")]
transform = Transform3D(-0.862241, 0, -0.5065, 0, 1, 0, 0.5065, 0, -0.862241, -5.25117, 12.0143, -6.58505)

[node name="conteiner23" parent="CSGCombiner3D/cranes/conteiners" instance=ExtResource("5_lt4ah")]
transform = Transform3D(-0.954194, 0, -0.299191, 0, 1, 0, 0.299191, 0, -0.954194, -19.7428, 12.0143, 11.8628)

[node name="conteiner22" parent="CSGCombiner3D/cranes/conteiners" instance=ExtResource("5_lt4ah")]
transform = Transform3D(-0.134868, 0, 0.990865, 0, 1, 0, -0.990865, 0, -0.134868, 4.27325, 16.0611, 14.8285)

[node name="conteiner21" parent="CSGCombiner3D/cranes/conteiners" instance=ExtResource("5_lt4ah")]
transform = Transform3D(-0.828159, 0, -0.560495, 0, 1, 0, 0.560495, 0, -0.828159, 7.7277, 16.4211, 7.46273)

[node name="pillar_destroyed" parent="CSGCombiner3D/cranes" instance=ExtResource("7_tev22")]
transform = Transform3D(-0.728513, -0.214051, -0.650732, 0.0259898, 0.940608, -0.3385, 0.684539, -0.263513, -0.679682, -44.4529, 10.8594, -45.705)

[node name="arrow_destroyed_up" parent="CSGCombiner3D/cranes" instance=ExtResource("8_tev22")]
transform = Transform3D(-0.0297468, 0.20749, 0.977786, 0.106358, 0.973321, -0.203307, -0.993883, 0.0979471, -0.0510217, 29.1936, 11.5848, -6.00453)

[node name="arrow_destroyed_down" parent="CSGCombiner3D/cranes" instance=ExtResource("8_nescs")]
transform = Transform3D(0.989563, -0.138082, -0.0412319, -0.118778, -0.943551, 0.309197, -0.0815999, -0.301072, -0.950104, -4.93095, -6.6484, 84.5553)

[node name="pillar_16" parent="CSGCombiner3D/cranes" instance=ExtResource("7_4h858")]
transform = Transform3D(1, 0, 0, 0, 1, 0, 0, 0, 1, 19.57, 12, 20)

[node name="pillar_48" parent="CSGCombiner3D/cranes" instance=ExtResource("9_486vg")]
transform = Transform3D(1, 0, 0, 0, 1, 0, 0, 0, 1, -20, 12, 20)

[node name="pillar_base" parent="CSGCombiner3D/cranes" instance=ExtResource("12_47cqb")]
transform = Transform3D(1, 0, 0, 0, 1, 0, 0, 0, 1, 20, 13, -20)

[node name="pillar_base2" parent="CSGCombiner3D/cranes" instance=ExtResource("12_47cqb")]
transform = Transform3D(1, 0, 0, 0, 1, 0, 0, 0, 1, 20, 13, 20)

[node name="pillar_base3" parent="CSGCombiner3D/cranes" instance=ExtResource("12_47cqb")]
transform = Transform3D(1, 0, 0, 0, 1, 0, 0, 0, 1, -20, 13, 20)

[node name="arrow+tail" parent="CSGCombiner3D/cranes" instance=ExtResource("13_qrkjc")]
transform = Transform3D(0.970077, 0, -0.242803, 0, 1, 0, 0.242803, 0, 0.970077, -20.3548, 59.8837, 20.4219)

[node name="cabin+wires" parent="CSGCombiner3D/cranes" instance=ExtResource("14_adkyy")]
transform = Transform3D(0.970077, 0, -0.242803, 0, 1, 0, 0.242803, 0, 0.970077, -20.3548, 59.8837, 20.4219)

[node name="pillar_base4" parent="CSGCombiner3D/cranes" instance=ExtResource("12_47cqb")]
transform = Transform3D(0.682188, -0.0369437, 0.730246, -0.707655, 0.217945, 0.672108, -0.183984, -0.975263, 0.122538, -30.7016, -5.02561, -31.3817)

[node name="pillar_17" parent="CSGCombiner3D/cranes" instance=ExtResource("7_4h858")]
transform = Transform3D(0.949103, -0.314903, 0.006448, 0.300164, 0.8981, -0.321431, 0.0954286, 0.307007, 0.946912, 19.8588, 40.8806, -20.1664)

[node name="boat" type="Node3D" parent="CSGCombiner3D"]
transform = Transform3D(0.49426, 0, 0.869314, 0, 1, 0, -0.869314, 0, 0.49426, 23.3963, 1.81557, -130.063)

[node name="boat_left2" parent="CSGCombiner3D/boat" instance=ExtResource("15_oqlqa")]
transform = Transform3D(-0.506124, 0, 0.862461, 0, 1, 0, -0.862461, 0, -0.506124, 9.73798, 0, 20.0982)

[node name="boat_right2" parent="CSGCombiner3D/boat" instance=ExtResource("16_ojevv")]
transform = Transform3D(-0.395924, -0.0627893, 0.916135, 0.0079422, 0.997388, 0.0717907, -0.91825, 0.0356997, -0.394391, -15.1795, -0.0610648, -44.4323)

[node name="containers" type="Node3D" parent="CSGCombiner3D/boat"]

[node name="conteiner" parent="CSGCombiner3D/boat/containers" instance=ExtResource("4_mbwpx")]
transform = Transform3D(0.0122458, -0.0475328, -0.998795, -0.117454, 0.991886, -0.048644, 0.993003, 0.117908, 0.00656345, -4.22112, 0.338425, -10.7113)

[node name="conteiner31" parent="CSGCombiner3D/boat/containers" instance=ExtResource("4_mbwpx")]
transform = Transform3D(0.00217509, 0.0110141, -0.999938, -0.220918, 0.975238, 0.0102617, 0.975291, 0.220881, 0.00455448, 11.1895, -1.8454, 16.3931)

[node name="conteiner14" parent="CSGCombiner3D/boat/containers" instance=ExtResource("4_mbwpx")]
transform = Transform3D(0.509883, 0.174155, -0.842432, -0.419889, 0.905097, -0.0670284, 0.750809, 0.387904, 0.534619, 29.2249, 1.07636, -23.9885)

[node name="conteiner3" parent="CSGCombiner3D/boat/containers" instance=ExtResource("4_mbwpx")]
transform = Transform3D(0.656976, 0.254749, 0.709568, -0.319627, 0.946526, -0.0438852, -0.682805, -0.197966, 0.70327, -19.4996, -1.4074, -11.6008)

[node name="conteiner20" parent="CSGCombiner3D/boat/containers" instance=ExtResource("4_mbwpx")]
transform = Transform3D(0.146559, 0.795175, 0.588403, -0.957325, 0.263804, -0.11806, -0.249101, -0.545989, 0.799904, -17.0336, 1.44907, 51.609)

[node name="conteiner21" parent="CSGCombiner3D/boat/containers" instance=ExtResource("4_mbwpx")]
transform = Transform3D(0.787338, 0.0034003, 0.616514, -0.0617366, 0.995394, 0.0733532, -0.613425, -0.0958154, 0.783921, -38.7885, 0.498383, -73.5483)

[node name="conteiner4" parent="CSGCombiner3D/boat/containers" instance=ExtResource("4_mbwpx")]
transform = Transform3D(0.999874, 0.0159604, 7.24494e-05, -0.0159605, 0.999831, 0.00907453, 7.236e-05, -0.00907455, 0.99996, -4.26254, 13.5816, -28.8934)

[node name="conteiner23" parent="CSGCombiner3D/boat/containers" instance=ExtResource("4_mbwpx")]
transform = Transform3D(0.1756, 0.413012, 0.893637, -0.71679, 0.675867, -0.171517, -0.674818, -0.61043, 0.414725, 20.1767, 15.7306, 15.161)

[node name="conteiner8" parent="CSGCombiner3D/boat/containers" instance=ExtResource("4_mbwpx")]
transform = Transform3D(-0.257235, -0.07148, -0.963703, 0.0106732, 0.996989, -0.0767981, 0.966291, -0.0300408, -0.255697, -12.0524, 13.1612, -42.3293)

[node name="conteiner11" parent="CSGCombiner3D/boat/containers" instance=ExtResource("4_mbwpx")]
transform = Transform3D(0.174472, -0.0984041, -0.979735, 0.0372183, 0.994942, -0.093304, 0.983961, -0.0201851, 0.177252, -13.5823, 17.4528, -37.4647)

[node name="conteiner26" parent="CSGCombiner3D/boat/containers" instance=ExtResource("4_mbwpx")]
transform = Transform3D(0.174122, -0.0607848, -0.982849, -0.0446832, 0.996577, -0.0695501, 0.983712, 0.0560266, 0.17081, -7.15868, 17.4567, 12.353)

[node name="conteiner25" parent="CSGCombiner3D/boat/containers" instance=ExtResource("4_mbwpx")]
transform = Transform3D(-0.719, -0.322194, -0.61582, 0.011118, 0.880609, -0.473713, 0.694925, -0.347445, -0.629576, 14.1313, 14.6274, 14.4156)

[node name="conteiner5" parent="CSGCombiner3D/boat/containers" instance=ExtResource("4_mbwpx")]
transform = Transform3D(-0.304484, 0.0202022, -0.952305, -0.0123034, 0.999608, 0.0251394, 0.95244, 0.0193713, -0.304116, -11.48, 13.7261, -25.9159)

[node name="conteiner2" parent="CSGCombiner3D/boat/containers" instance=ExtResource("5_lt4ah")]
transform = Transform3D(0.436461, -0.894636, 0.0955446, 0.899325, 0.436962, -0.0167298, -0.0267823, 0.0932275, 0.995285, -7.28181, 2.70883, -10.6823)

[node name="conteiner15" parent="CSGCombiner3D/boat/containers" instance=ExtResource("5_lt4ah")]
transform = Transform3D(-0.226712, -0.9503, 0.213383, 0.908796, -0.285196, -0.304554, 0.350274, 0.124876, 0.928286, 12.8172, 2.70883, -35.3346)

[node name="conteiner16" parent="CSGCombiner3D/boat/containers" instance=ExtResource("5_lt4ah")]
transform = Transform3D(-0.953925, -0.0400278, -0.297365, -0.286705, -0.170657, 0.942697, -0.0884815, 0.984518, 0.151318, 24.6899, 4.44859, 3.74191)

[node name="conteiner17" parent="CSGCombiner3D/boat/containers" instance=ExtResource("5_lt4ah")]
transform = Transform3D(-0.623179, 0.780592, -0.0482175, -0.286705, -0.170657, 0.942697, 0.727633, 0.601293, 0.330149, -17.7289, 2.67662, 29.1452)

[node name="conteiner18" parent="CSGCombiner3D/boat/containers" instance=ExtResource("5_lt4ah")]
transform = Transform3D(-0.681697, -0.655038, -0.325908, -0.286705, -0.170657, 0.942697, -0.673121, 0.736073, -0.0714657, -32.291, 2.67662, 4.2358)

[node name="conteiner19" parent="CSGCombiner3D/boat/containers" instance=ExtResource("5_lt4ah")]
transform = Transform3D(-0.0870561, -0.975295, -0.203035, -0.286704, -0.170657, 0.942697, -0.954057, 0.140278, -0.264765, 2.57515, 2.67662, 55.2439)

[node name="conteiner6" parent="CSGCombiner3D/boat/containers" instance=ExtResource("5_lt4ah")]
transform = Transform3D(0.972399, -0.0627894, -0.224721, 0.0530836, 0.997388, -0.0489807, 0.227209, 0.0356997, 0.973192, -8.8679, 13.258, -47.8701)

[node name="conteiner12" parent="CSGCombiner3D/boat/containers" instance=ExtResource("5_lt4ah")]
transform = Transform3D(0.577479, -0.0386162, 0.815492, 0.0402428, 0.999013, 0.0188092, -0.815414, 0.0219558, 0.578463, -10.1643, 17.1236, -45.4103)

[node name="conteiner13" parent="CSGCombiner3D/boat/containers" instance=ExtResource("5_lt4ah")]
transform = Transform3D(0.980539, -0.194507, -0.0267071, 0.196332, 0.971114, 0.135619, -0.000443101, -0.138222, 0.990403, -7.58012, 13.307, 9.61263)

[node name="conteiner27" parent="CSGCombiner3D/boat/containers" instance=ExtResource("5_lt4ah")]
transform = Transform3D(0.99507, -0.0729262, 0.06725, 0.0742481, 0.997089, -0.0173636, -0.0657879, 0.022271, 0.997588, 0.940781, 13.643, 0.31086)

[node name="conteiner22" parent="CSGCombiner3D/boat/containers" instance=ExtResource("5_lt4ah")]
transform = Transform3D(0.574616, -0.00601953, -0.818403, -0.0221283, 0.999493, -0.0228882, 0.818126, 0.0312617, 0.574191, -5.16925, 13.307, 15.3584)

[node name="conteiner24" parent="CSGCombiner3D/boat/containers" instance=ExtResource("5_lt4ah")]
transform = Transform3D(0.522773, -0.732989, 0.435245, 0.794336, 0.604165, 0.063389, -0.309423, 0.312592, 0.89808, 2.80482, 14.9857, 29.6693)

[node name="conteiner10" parent="CSGCombiner3D/boat/containers" instance=ExtResource("5_lt4ah")]
transform = Transform3D(0.347336, -0.0627894, -0.935637, -0.011696, 0.997388, -0.0712754, 0.937668, 0.0356997, 0.345695, -14.5397, 13.0183, -34.2487)

[node name="conteiner28" parent="CSGCombiner3D/boat/containers" instance=ExtResource("4_mbwpx")]
transform = Transform3D(0.500219, -0.193922, -0.843908, 0.405664, 0.913512, 0.0305358, 0.765, -0.357616, 0.535623, -30.2383, 1.47455, -24.1085)

[node name="conteiner33" parent="CSGCombiner3D/boat/containers" instance=ExtResource("4_mbwpx")]
transform = Transform3D(0.926455, -0.321107, -0.196413, 0.368866, 0.878457, 0.303732, 0.07501, -0.353842, 0.932295, -33.1486, 3.70864, -29.0832)

[node name="conteiner29" parent="CSGCombiner3D/boat/containers" instance=ExtResource("5_lt4ah")]
transform = Transform3D(0.211282, -0.0720209, -0.974769, 0.473287, 0.880108, 0.0375587, 0.855197, -0.469281, 0.220038, -31.59, 0.695493, -33.8251)

[node name="conteiner32" parent="CSGCombiner3D/boat/containers" instance=ExtResource("5_lt4ah")]
transform = Transform3D(0.365887, -0.157617, -0.917216, 0.473287, 0.880108, 0.0375587, 0.801329, -0.447849, 0.396618, -29.1223, 6.61353, -23.221)

[node name="conteiner30" parent="CSGCombiner3D/boat/containers" instance=ExtResource("5_lt4ah")]
transform = Transform3D(0.0364656, -0.315194, -0.948328, 0.998027, -0.0370756, 0.0506995, -0.0511396, -0.948304, 0.31322, -26.9474, 4.07643, -16.6987)

[node name="conteiner9" parent="CSGCombiner3D/boat/containers" instance=ExtResource("5_lt4ah")]
transform = Transform3D(0.737502, 0.674225, 0.0389171, -0.673534, 0.730079, 0.115486, 0.0494516, -0.111383, 0.992548, -4.13831, 16.6828, -44.5056)

[node name="conteiner7" parent="CSGCombiner3D/boat/containers" instance=ExtResource("5_lt4ah")]
transform = Transform3D(0.219216, -0.0627894, -0.973655, -0.021114, 0.997388, -0.0690737, 0.975449, 0.0356997, 0.217318, -26.4877, 13.381, -46.1105)

[node name="airplane" type="Node3D" parent="CSGCombiner3D"]
transform = Transform3D(0.898296, 0, -0.439391, 0, 1, 0, 0.439391, 0, 0.898296, -51.1841, -0.709864, 148.878)

[node name="conteiner" parent="CSGCombiner3D/airplane" instance=ExtResource("4_mbwpx")]
transform = Transform3D(0.402928, 0.0809764, 0.911642, 0.260402, 0.944768, -0.199011, -0.877404, 0.31758, 0.359586, 3.54214, 1.0017, -32.7087)

[node name="chair" parent="CSGCombiner3D/airplane" instance=ExtResource("15_ojgs1")]
transform = Transform3D(0.350401, -0.251642, 0.90216, -0.404685, 0.827997, 0.388137, -0.844657, -0.501096, 0.188295, -21.4656, 2.7249, -18.3083)

[node name="chair2" parent="CSGCombiner3D/airplane" instance=ExtResource("15_ojgs1")]
transform = Transform3D(0.704417, 0.685244, -0.185029, -0.696631, 0.717412, 0.00476593, 0.136008, 0.125541, 0.98272, -33.5428, 2.7249, -13.3857)

[node name="chair3" parent="CSGCombiner3D/airplane" instance=ExtResource("15_ojgs1")]
transform = Transform3D(-0.0968412, 0.965843, -0.24035, -0.993872, -0.106759, -0.0285604, -0.0532444, 0.236114, 0.970264, -1.54908, 2.96236, -30.7828)

[node name="chair4" parent="CSGCombiner3D/airplane" instance=ExtResource("15_ojgs1")]
transform = Transform3D(0.794911, 0.576821, 0.188125, -0.35856, 0.69675, -0.621265, -0.489435, 0.426399, 0.76068, 22.456, 3.01789, -13.1002)

[node name="face2" parent="CSGCombiner3D/airplane" instance=ExtResource("16_eue7f")]
transform = Transform3D(0.988277, 0.152653, 0.00163519, -0.152173, 0.985917, -0.0693678, -0.0122014, 0.0683059, 0.997588, -32.3285, 2.83272, -3.18123)

[node name="wing_ramp2" parent="CSGCombiner3D/airplane" instance=ExtResource("17_0oaaa")]
transform = Transform3D(0.999999, 0, 0, 0, 1, 0, 0, 0, 0.999999, -17.5035, 6.23914, -14.0195)

[node name="fuzilaj3" parent="CSGCombiner3D/airplane" instance=ExtResource("20_ojevv")]
transform = Transform3D(-0.222009, -0.0387284, 0.974275, 0.220671, 0.971289, 0.0888943, -0.949745, 0.23473, -0.207089, 11.892, 1.56, -17.447)

[node name="wing_wall2" parent="CSGCombiner3D/airplane" instance=ExtResource("18_5jqir")]
transform = Transform3D(1, 0, 0, 0, 1, 0, 0, 0, 1, -24.7815, 0, -12.4682)

[node name="tail2" parent="CSGCombiner3D/airplane" instance=ExtResource("19_0jqhp")]
transform = Transform3D(0.797923, -0.582296, -0.155722, 0.162833, -0.0405048, 0.985822, -0.580347, -0.811966, 0.062497, -11.8439, -2.23096, 2.05899)

[node name="fuzilaj1" parent="CSGCombiner3D/airplane" instance=ExtResource("17_7x6dg")]
transform = Transform3D(0.999394, 0.0322844, 0.0129993, -0.0337396, 0.990367, 0.134296, -0.00853825, -0.134654, 0.990855, -19.4772, 6.25938, -13.6671)

[node name="terrain" parent="." instance=ExtResource("6_lt4ah")]

[node name="lake" parent="." instance=ExtResource("7_r107u")]
transform = Transform3D(1, 0, 0, 0, 1, 0, 0, 0, 1, 3.144, -1, 7.41066)

[node name="skybox" type="Node3D" parent="."]

[node name="fence+area" parent="skybox" instance=ExtResource("26_oqlqa")]

[node name="roof+stadium" parent="skybox" instance=ExtResource("17_adkyy")]

[node name="barier" type="CSGCombiner3D" parent="."]
use_collision = true
collision_layer = 7
collision_mask = 7

[node name="CSGBox3D" type="CSGBox3D" parent="barier"]
transform = Transform3D(1, 0, 0, 0, 1, 0, 0, 0, 1, 0, 50, 200)
size = Vector3(250, 100, 1)
material = SubResource("StandardMaterial3D_srdrx")

[node name="CSGBox3D2" type="CSGBox3D" parent="barier"]
transform = Transform3D(1, 0, 0, 0, 1, 0, 0, 0, 1, 0, 50, -200)
size = Vector3(250, 100, 1)
material = SubResource("StandardMaterial3D_srdrx")

[node name="CSGBox3D3" type="CSGBox3D" parent="barier"]
transform = Transform3D(1, 0, 0, 0, 1, 0, 0, 0, 1, 125, 50, 0)
size = Vector3(1, 100, 400)
material = SubResource("StandardMaterial3D_srdrx")

[node name="CSGBox3D4" type="CSGBox3D" parent="barier"]
transform = Transform3D(1, 0, 0, 0, 1, 0, 0, 0, 1, -125, 50, 0)
size = Vector3(1, 100, 400)
material = SubResource("StandardMaterial3D_srdrx")
